_buildingPos_Land_i_House_Big_01_V1_F = [[3.52148,4.57617,-2.56494],[2.58887,6.33203,0.331089],[-1.24902,4.19922,-2.56494],[-2.76221,2.11914,-2.56494],[-0.476074,1.81836,-2.56494],[1.89258,0.0351563,-2.56494],[3.47656,-1.97266,-2.56494],[3.78711,-4.93945,-2.56494],[2.11621,-5.91211,-2.56493],[-0.342773,-4.0332,-2.56493],[-3.26025,-0.864258,-2.65494],[-3.33789,-3.66992,-2.65494],[3.89844,2.02539,-0.904934],[1.21875,0.290039,0.855064],[3.52539,-1.81934,0.855064],[0.059082,-1.89844,0.855064],[3.60498,-5.21484,0.855064],[-2.56055,-5.66016,0.855064],[0.985352,4.28516,0.855064],[-0.90332,6.13672,0.855064]];
_buildingPos_Land_i_House_Big_01_V2_F = [[-3.46045,-0.401367,-2.65493],[-3.39844,-3.4502,-2.65493],[-0.59375,-3.49316,-2.56494],[3.05176,-5.40137,-2.56493],[3.76172,-2.29688,-2.56494],[1.77539,-0.254883,-2.56494],[-2.78174,2.04297,-2.56493],[-3.46436,5.5166,-2.56493],[2.86768,4.04004,-2.56493],[-0.441406,2.06934,-2.56493],[3.96191,2.04785,-0.904939],[1.5498,0.110352,0.855067],[3.61914,-1.86328,0.855067],[-0.256836,-1.79688,0.855066],[3.59961,-5.2334,0.855068],[-2.54443,-5.85547,0.855064],[1.68213,3.98926,0.855067],[-0.350586,6.14258,0.855067]];
_buildingPos_Land_i_House_Big_01_V3_F = [[-3.4375,-0.383789,-2.65493],[-3.41016,-3.45215,-2.65493],[-0.583008,-3.51465,-2.56493],[3.18164,-5.82813,-2.56493],[3.69629,-2.30469,-2.56493],[1.83936,-0.201172,-2.56493],[-2.47852,1.98438,-2.56493],[-1.1543,3.83008,-2.56493],[-2.99219,5.53711,-2.56493],[2.74805,4.11719,-2.56493],[3.9082,1.96387,-0.904931],[1.61035,0.384766,0.855069],[3.33105,-1.86816,0.85507],[0.22998,-1.85449,0.855068],[3.75586,-5.14941,0.855069],[-4.89063,0.837646,1.01227],[1.26172,4.1709,0.855071],[-0.627441,6.12891,0.855069]];
_buildingPos_Land_i_House_Big_02_V1_F = [[-3.00977,-5.39258,-2.72594],[-3.31543,-1.97266,-2.62327],[1.31152,-1.54932,-2.62327],[-3.16309,0.547852,-2.62327],[-2.84473,3.83203,-2.62327],[3.45508,1.39063,-2.62327],[3.63867,-3.17969,-0.825936],[3.93945,-1.61816,-0.82593],[0.318359,-3.06152,0.78407],[-3.48633,-1.81934,0.784063],[-3.05469,-5.00098,0.784068],[-3.03125,0.500977,0.784067],[2.27832,0.885742,0.784066],[-2.94434,6.20508,0.724065],[0.203125,6.19971,0.724064]];
_buildingPos_Land_i_House_Big_02_V2_F = [[1.43896,3.99805,-2.62327],[3.25586,1.72852,-2.62328],[-2.72705,4.19922,-2.62327],[-3.15674,1.23633,-2.62327],[1.20898,-1.53906,-2.62327],[-2.84766,-1.69141,-2.62327],[-2.88965,-5.33008,-2.72594],[3.87744,-3.08984,-0.825932],[3.896,-1.73047,-0.825935],[0.212402,-3.12305,0.784065],[-3.09521,-1.71484,0.784069],[-2.92529,-5.00195,0.784065],[-3.03809,0.507813,0.784069],[1.48291,0.736328,0.784065],[2.75977,3.79883,0.784065],[-3.1582,6.17578,0.724068],[-0.0869141,6.29688,0.724068]];
_buildingPos_Land_i_House_Big_02_V3_F = [[1.43896,3.99805,-2.62327],[3.25586,1.72852,-2.62328],[-2.72705,4.19922,-2.62327],[-3.15674,1.23633,-2.62327],[1.20898,-1.53906,-2.62327],[-2.84766,-1.69141,-2.62327],[-2.88965,-5.33008,-2.72594],[3.87744,-3.08984,-0.825932],[3.896,-1.73047,-0.825935],[0.212402,-3.12305,0.784065],[-3.09521,-1.71484,0.784069],[-2.92529,-5.00195,0.784065],[-3.03809,0.507813,0.784069],[1.48291,0.736328,0.784065],[2.75977,3.79883,0.784065],[-3.1582,6.17578,0.724068],[-0.0869141,6.29688,0.724068]];
